    9
Human       0.00000000  0.03326344  0.03094995  0.03000616  0.06804284  0.07232185  0.05793153  0.06370849  0.09567876  
Gorilla     0.03326344  0.00000000  0.03867800  0.04933468  0.05145938  0.06458949  0.05227000  0.04393684  0.07358721  
P.chi.      0.03094995  0.03867800  0.00000000  0.02132864  0.05892507  0.06079112  0.04837574  0.06792704  0.10349716  
C.chi.      0.03000616  0.04933468  0.02132864  0.00000000  0.07322977  0.07209538  0.05978852  0.07886942  0.11534281  
F.wh.       0.06804284  0.05145938  0.05892507  0.07322977  0.00000000  0.03153955  0.04217055  0.04844452  0.07052992  
B.wh.       0.07232185  0.06458949  0.06079112  0.07209538  0.03153955  0.00000000  0.05088396  0.06962969  0.08886804  
Rat         0.05793153  0.05227000  0.04837574  0.05978852  0.04217055  0.05088396  0.00000000  0.04770010  0.08261013  
Mouse       0.06370849  0.04393684  0.06792704  0.07886942  0.04844452  0.06962969  0.04770010  0.00000000  0.05021222  
Oposs.      0.09567876  0.07358721  0.10349716  0.11534281  0.07052992  0.08886804  0.08261013  0.05021222  0.00000000  
