    9
Human       0.00000000  0.13137541  0.11631365  0.06875948  0.17323278  0.17662433  0.27280113  0.31542119  0.14282829  
Gorilla     0.13137541  0.00000000  0.07382594  0.09168208  0.13847400  0.17558303  0.22966145  0.24580147  0.20646799  
P.chi.      0.11631365  0.07382594  0.00000000  0.06630209  0.11551462  0.13762034  0.20164830  0.24437434  0.18620806  
C.chi.      0.06875948  0.09168208  0.06630209  0.00000000  0.13042854  0.14318053  0.23084924  0.27053223  0.16032910  
F.wh.       0.17323278  0.13847400  0.11551462  0.13042854  0.00000000  0.09285045  0.18689357  0.21566871  0.21493507  
B.wh.       0.17662433  0.17558303  0.13762034  0.14318053  0.09285045  0.00000000  0.20198855  0.23288814  0.24375728  
Rat         0.27280113  0.22966145  0.20164830  0.23084924  0.18689357  0.20198855  0.00000000  0.15438736  0.29046518  
Mouse       0.31542119  0.24580147  0.24437434  0.27053223  0.21566871  0.23288814  0.15438736  0.00000000  0.35349706  
Oposs.      0.14282829  0.20646799  0.18620806  0.16032910  0.21493507  0.24375728  0.29046518  0.35349706  0.00000000  
