Human
[  79.47085848 1807.69689709  -89.29321785]
[ 1807.69689709 42680.97881172 -1997.33539831]
[  -89.29321785 -1997.33539831   139.35622937]

Gorilla
[ 111.02356387 2177.51964823 -112.86116286]
[ 2177.51964823 43563.15420985 -2230.56611512]
[ -112.86116286 -2230.56611512   152.67599441]

Pygmi_chimpanzee
[  84.84152507 1880.26986529  -92.61912414]
[ 1880.26986529 42784.74599305 -2092.82679927]
[  -92.61912414 -2092.82679927   146.89754571]

Common_chimpanzee
[  75.46203828 1763.74666394  -76.31865118]
[ 1763.74666394 42762.66869655 -1826.40982254]
[  -76.31865118 -1826.40982254   119.65472276]

Fin_whale
[  76.82101659 1731.68294834  -98.79253213]
[ 1731.68294834 43362.87827386 -2339.6367801 ]
[  -98.79253213 -2339.6367801    156.85862824]

Blue_whale
[  64.55150839 1542.77396231  -88.53269748]
[ 1542.77396231 43340.81649826 -2238.82796211]
[  -88.53269748 -2238.82796211   145.99137602]

Rat
[  89.43757212 1914.70470954 -117.16822202]
[ 1914.70470954 44630.12323818 -2676.98854047]
[ -117.16822202 -2676.98854047   207.81412736]

Mouse
[  72.1256828  1702.81492492 -109.48291986]
[ 1702.81492492 45269.15692442 -2833.77483911]
[ -109.48291986 -2833.77483911   200.8772018 ]

Opossum
[ 114.60786465 2226.45996618 -164.22789225]
[ 2226.45996618 45335.08079511 -3155.32986295]
[ -164.22789225 -3155.32986295   268.16119094]

